Normal
1.46825803683 1.10496262481
Baseline
1.09644936201 0.853598363212
NMF
1.27469858844 1.00229058764
SVD
1.12773463518 0.839350867434
SVD++
1.11857158341 0.855429026765


Varying params
nfactor =1,10,50,100,1000

NMF
1.59885412602 1.37403447068
1.33530243353 1.07704076395
1.21564120149 0.861101187913
1.23027312721 0.839984205085
SVD
1.10707764258 0.857969758184
1.1078082725 0.853135932922
1.1157200413 0.841453657525
1.12773463518 0.839350867434
1.19709273385 0.913712042409
SVD++
1.11857158341 0.855429026765